output file name: ../results/evi_gap_fraction_summary_bartlett_tower_2009_pgap_800_scale.txt

gap fraction of 10 zenith rings from 0 deg to 90 deg: 

,0,1,2,3,4,5,6,7,8,9
c,1.58,14.32,14.02,17.19,11.14,5.96,7.22,8.09,11.37,13.21
e,41.49,9.56,7.51,14.02,9.21,4.93,5.9,4.78,5.58,8.2
n,1.29,1.41,3.63,24.19,26.65,28.6,20.16,12.18,17.31,25.71
ne,73.06,56.39,10.64,6.17,13.13,17.17,15.32,14.11,6.18,8.0
nw,0.78,7.45,15.59,10.71,12.41,7.44,15.51,6.6,19.54,26.99
s,7.64,52.81,9.23,4.01,3.45,10.45,10.1,9.74,19.7,14.93
se,10.44,6.8,14.24,42.01,23.67,6.47,5.83,7.06,12.04,10.11
sw,10.52,10.72,2.22,1.33,1.79,1.36,0.44,1.39,6.14,8.49
w,0.18,0.08,10.21,34.55,46.05,27.71,3.4,10.07,23.95,27.67

LAI estimates: 
reg_lai: regression LAI from multiple zenith rings
ma_lai: LAI from the magical angle

,reg_lai,ma_lai
c,4.76,5.42
e,5.09,5.65
n,4.12,4.29
ne,4.27,4.6
nw,4.65,4.58
s,4.76,5.05
se,4.7,5.66
sw,6.75,8.5
w,4.52,6.25
