output file name: ../results/evi_gap_fraction_summary_bartlett_tower_2009_pgap_850_scale.txt

gap fraction of 10 zenith rings from 0 deg to 90 deg: 

,0,1,2,3,4,5,6,7,8,9
c,0.0,3.44,0.68,3.95,4.83,0.94,3.21,1.93,1.38,2.09
e,28.47,6.44,5.28,10.88,5.57,1.43,2.39,0.34,0.55,0.6
n,0.17,0.25,0.34,3.42,1.94,0.69,1.89,0.68,1.27,2.48
ne,25.97,31.91,0.93,0.02,5.8,2.43,3.33,6.32,0.62,0.86
nw,0.13,5.19,12.44,6.38,7.07,1.47,1.62,1.14,2.43,4.1
s,5.56,44.25,5.67,2.46,1.71,6.78,6.27,5.26,7.86,2.87
se,5.89,4.19,10.0,35.4,20.31,4.01,0.36,0.31,0.87,0.93
sw,6.01,7.19,1.41,0.55,0.83,0.64,0.11,0.14,0.57,1.4
w,0.04,0.01,3.92,10.57,11.83,2.13,0.14,0.86,2.77,4.19

LAI estimates: 
reg_lai: regression LAI from multiple zenith rings
ma_lai: LAI from the magical angle

,reg_lai,ma_lai
c,6.13,6.32
e,6.52,6.64
n,6.87,6.9
ne,5.88,6.28
nw,6.16,7.07
s,5.3,5.58
se,6.56,8.73
sw,8.18,9.99
w,6.86,9.73
